KNN Sensitivity Results
=============================================

K sweep (1–25):
 k  Accuracy  Precision   Recall       F1  Variance
 1  0.814815   0.769231 0.833333 0.800000  0.249657
 2  0.814815   0.850000 0.708333 0.772727  0.233196
 3  0.814815   0.750000 0.875000 0.807692  0.249657
 4  0.833333   0.800000 0.833333 0.816327  0.248628
 5  0.796296   0.724138 0.875000 0.792453  0.248628
 6  0.777778   0.750000 0.750000 0.750000  0.246914
 7  0.796296   0.724138 0.875000 0.792453  0.248628
 8  0.814815   0.769231 0.833333 0.800000  0.249657
 9  0.833333   0.777778 0.875000 0.823529  0.250000
10  0.833333   0.800000 0.833333 0.816327  0.248628
11  0.851852   0.807692 0.875000 0.840000  0.249657
12  0.833333   0.826087 0.791667 0.808511  0.244513
13  0.814815   0.750000 0.875000 0.807692  0.249657
14  0.870370   0.840000 0.875000 0.857143  0.248628
15  0.833333   0.777778 0.875000 0.823529  0.250000
16  0.833333   0.826087 0.791667 0.808511  0.244513
17  0.851852   0.807692 0.875000 0.840000  0.249657
18  0.851852   0.807692 0.875000 0.840000  0.249657
19  0.833333   0.777778 0.875000 0.823529  0.250000
20  0.833333   0.777778 0.875000 0.823529  0.250000
21  0.833333   0.777778 0.875000 0.823529  0.250000
22  0.814815   0.769231 0.833333 0.800000  0.249657
23  0.814815   0.769231 0.833333 0.800000  0.249657
24  0.833333   0.800000 0.833333 0.816327  0.248628
25  0.833333   0.800000 0.833333 0.816327  0.248628

---------------------------------------------

Weights comparison (k=5):
 Weights  Accuracy  Precision  Recall       F1  Variance
 uniform  0.796296   0.724138   0.875 0.792453  0.248628
distance  0.796296   0.724138   0.875 0.792453  0.248628

---------------------------------------------

Metric comparison (k=5):
   Metric  Accuracy  Precision  Recall       F1  Variance
euclidean  0.796296   0.724138   0.875 0.792453  0.248628
manhattan  0.740741   0.692308   0.750 0.720000  0.249657
minkowski  0.796296   0.724138   0.875 0.792453  0.248628

