Decision Tree sensitivity results
========================================

Max depth sweep (1..20):
 max_depth  Accuracy  Precision   Recall       F1  Variance
         1  0.722222   0.636364 0.875000 0.736842  0.237654
         2  0.759259   0.866667 0.541667 0.666667  0.200617
         3  0.833333   0.758621 0.916667 0.830189  0.248628
         4  0.796296   0.740741 0.833333 0.784314  0.250000
         5  0.796296   0.740741 0.833333 0.784314  0.250000
         6  0.777778   0.730769 0.791667 0.760000  0.249657
         7  0.777778   0.714286 0.833333 0.769231  0.249657
         8  0.796296   0.740741 0.833333 0.784314  0.250000
         9  0.796296   0.740741 0.833333 0.784314  0.250000
        10  0.796296   0.740741 0.833333 0.784314  0.250000
        11  0.796296   0.740741 0.833333 0.784314  0.250000
        12  0.796296   0.740741 0.833333 0.784314  0.250000
        13  0.796296   0.740741 0.833333 0.784314  0.250000
        14  0.796296   0.740741 0.833333 0.784314  0.250000
        15  0.796296   0.740741 0.833333 0.784314  0.250000
        16  0.796296   0.740741 0.833333 0.784314  0.250000
        17  0.796296   0.740741 0.833333 0.784314  0.250000
        18  0.796296   0.740741 0.833333 0.784314  0.250000
        19  0.796296   0.740741 0.833333 0.784314  0.250000
        20  0.796296   0.740741 0.833333 0.784314  0.250000

----------------------------------------

Min samples leaf sweep:
 min_samples_leaf  Accuracy  Precision   Recall       F1  Variance
                1  0.796296   0.740741 0.833333 0.784314  0.250000
                2  0.851852   0.807692 0.875000 0.840000  0.249657
                4  0.833333   0.758621 0.916667 0.830189  0.248628
                6  0.777778   0.700000 0.875000 0.777778  0.246914
                8  0.851852   0.807692 0.875000 0.840000  0.249657
               10  0.814815   0.818182 0.750000 0.782609  0.241427

----------------------------------------

Min samples split sweep:
 min_samples_split  Accuracy  Precision   Recall       F1  Variance
                 2  0.796296   0.740741 0.833333 0.784314  0.250000
                 5  0.796296   0.740741 0.833333 0.784314  0.250000
                10  0.777778   0.730769 0.791667 0.760000  0.249657
                20  0.796296   0.724138 0.875000 0.792453  0.248628

----------------------------------------

Criterion comparison:
criterion  Accuracy  Precision   Recall       F1  Variance
     gini  0.796296   0.740741 0.833333 0.784314  0.250000
  entropy  0.814815   0.769231 0.833333 0.800000  0.249657
 log_loss  0.814815   0.769231 0.833333 0.800000  0.249657

